Date,active_cases,cured,death,total_confirmed_cases
2020-01-30T13:33:00.00+05:30,1,0,0,1
2020-02-02T10:39:00.00+05:30,2,0,0,2
2020-02-03T12:13:00.00+05:30,3,0,0,3
2020-03-02T14:28:00.00+05:30,5,0,0,5
2020-03-03T19:36:00.00+05:30,6,0,0,6
2020-03-10T12:00:00.00+05:30,47,0,0,47
2020-03-11T17:30:00.00+05:30,60,0,0,60
2020-03-12T11:00:00.00+05:30,73,0,0,73
2020-03-12T18:00:00.00+05:30,71,3,0,74
2020-03-13T10:00:00.00+05:30,71,3,1,75
2020-03-13T22:15:00.00+05:30,67,10,2,79
2020-03-14T09:00:00.00+05:30,71,10,2,83
2020-03-14T16:55:00.00+05:30,72,10,2,84
2020-03-15T08:55:00.00+05:30,82,9,2,93
2020-03-15T12:00:00.00+05:30,96,9,2,107
2020-03-15T17:00:00.00+05:30,95,10,2,107
2020-03-15T23:30:00.00+05:30,95,13,2,110
2020-03-16T16:00:00.00+05:30,99,13,2,114
2020-03-17T09:15:00.00+05:30,110,13,2,125
2020-03-17T10:55:00.00+05:30,109,13,3,125
2020-03-17T11:52:00.00+05:30,110,13,3,126
2020-03-17T17:15:00.00+05:30,120,14,3,137
2020-03-18T09:00:00.00+05:30,130,14,3,147
2020-03-18T17:15:00.00+05:30,134,14,3,151
2020-03-19T09:00:00.00+05:30,148,15,3,166
2020-03-19T16:30:00.00+05:30,148,15,4,167
2020-03-19T17:00:00.00+05:30,149,20,4,173
2020-03-20T09:00:00.00+05:30,171,20,4,195
2020-03-20T17:00:00.00+05:30,196,23,4,223
2020-03-21T09:00:00.00+05:30,231,23,4,258
2020-03-21T16:45:00.00+05:30,256,23,4,283
2020-03-22T09:45:00.00+05:30,296,24,4,324
2020-03-22T11:45:00.00+05:30,295,24,5,324
2020-03-22T18:30:00.00+05:30,329,24,7,360
2020-03-23T09:00:00.00+05:30,359,24,7,390
2020-03-23T10:30:00.00+05:30,359,24,7,390
2020-03-23T18:00:00.00+05:30,402,24,7,433
2020-03-23T20:15:00.00+05:30,390,35,9,434
2020-03-24T08:45:00.00+05:30,446,37,9,492
2020-03-24T17:45:00.00+05:30,470,40,9,519
2020-03-24T20:15:00.00+05:30,469,40,10,519
2020-03-25T09:15:00.00+05:30,512,41,9,562
2020-03-25T18:45:00.00+05:30,553,43,10,606
2020-03-26T10:15:00.00+05:30,593,43,13,649
2020-03-26T20:00:00.00+05:30,634,45,15,694
2020-03-27T09:15:00.00+05:30,640,67,17,724
2020-03-28T09:30:00.00+05:30,775,79,19,873
2020-03-28T17:45:00.00+05:30,810,80,19,909
2020-03-29T10:00:00.00+05:30,867,87,25,979
2020-03-29T19:30:00.00+05:30,901,96,27,1024
2020-03-30T10:30:00.00+05:30,942,100,29,1071
2020-03-30T21:30:00.00+05:30,1072,102,31,1205
2020-03-31T20:30:00.00+05:30,1200,124,35,1359
2020-04-01T09:00:00.00+05:30,1466,133,38,1637
2020-04-01T19:30:00.00+05:30,1649,144,41,1834
2020-04-02T09:00:00.00+05:30,1764,151,50,1965
2020-04-02T18:00:00.00+05:30,1860,156,53,2069
2020-04-03T09:00:00.00+05:30,2070,157,56,2283
2020-04-03T18:00:00.00+05:30,2245,163,62,2470
2020-04-04T09:00:00.00+05:30,2650,184,68,2902
2020-04-04T18:00:00.00+05:30,2784,213,75,3072
2020-04-05T09:00:00.00+05:30,3030,267,77,3374
2020-04-05T18:00:00.00+05:30,3219,275,83,3577
2020-04-06T09:00:00.00+05:30,3666,292,109,4067
2020-04-06T18:00:00.00+05:30,3851,319,111,4281
2020-04-07T09:00:00.00+05:30,3981,326,114,4421
2020-04-07T18:00:00.00+05:30,4312,353,124,4789
2020-04-08T08:00:00.00+05:30,4643,402,149,5194
2020-04-08T17:00:00.00+05:30,4714,411,149,5274
2020-04-09T08:00:00.00+05:30,5095,473,166,5734
2020-04-09T17:00:00.00+05:30,5218,478,169,5865
2020-04-10T08:00:00.00+05:30,5709,504,199,6412
2020-04-10T17:00:00.00+05:30,6039,516,206,6761
2020-04-11T08:00:00.00+05:30,6565,643,239,7447
2020-04-11T17:00:00.00+05:30,6634,653,242,7529
2020-04-12T08:00:00.00+05:30,7367,716,273,8356
2020-04-12T17:00:00.00+05:30,7409,765,273,8447
2020-04-13T08:00:00.00+05:30,7987,857,308,9152
2020-04-13T17:00:00.00+05:30,8048,980,324,9352
2020-04-14T08:00:00.00+05:30,8988,1036,339,10363
2020-04-14T17:00:00.00+05:30,9272,1190,353,10815
2020-04-15T08:00:00.00+05:30,9756,1306,377,11439
2020-04-15T17:00:00.00+05:30,10197,1344,392,11933
2020-04-16T08:00:00.00+05:30,10477,1489,414,12380
2020-04-16T17:00:00.00+05:30,10824,1515,420,12759
2020-04-17T08:00:00.00+05:30,11201,1749,437,13387
2020-04-17T17:00:00.00+05:30,11616,1767,452,13835
2020-04-18T08:00:00.00+05:30,11906,1992,480,14378
2020-04-18T17:00:00.00+05:30,12289,2015,488,14792
2020-04-19T08:00:00.00+05:30,12974,2231,507,15712
2020-04-19T17:00:00.00+05:30,13295,2302,519,16116
2020-04-20T08:00:00.00+05:30,14175,2547,543,17265
2020-04-20T17:00:00.00+05:30,14255,2842,559,17656
2020-04-21T08:00:00.00+05:30,14759,3252,590,18601
2020-04-21T17:00:00.00+05:30,15122,3260,603,18985
2020-04-22T08:00:00.00+05:30,15474,3870,640,19984
2020-04-22T17:00:00.00+05:30,15859,3960,652,20471
2020-04-23T08:00:00.00+05:30,16454,4258,681,21393
2020-04-23T17:00:00.00+05:30,16689,4325,686,21700
2020-04-24T08:00:00.00+05:30,17610,4749,718,23077
2020-04-24T17:00:00.00+05:30,17915,4814,723,23452
2020-04-25T08:00:00.00+05:30,18668,5063,775,24506
2020-04-25T17:00:00.00+05:30,18904,5210,779,24893
2020-04-26T08:00:00.00+05:30,19868,5804,824,26496
2020-04-26T17:00:00.00+05:30,19865,5914,826,26605
2020-04-27T08:00:00.00+05:30,20835,6185,872,27892
2020-04-27T17:00:00.00+05:30,20912,6362,886,28160
2020-04-28T08:00:00.00+05:30,21632,6869,934,29435
2020-04-28T17:00:00.00+05:30,21870,7027,937,29834
2020-04-29T08:00:00.00+05:30,22629,7696,1007,31332
2020-04-29T17:00:00.00+05:30,22904,7797,1008,31709
2020-04-30T08:00:00.00+05:30,23651,8325,1074,33050
2020-04-30T17:00:00.00+05:30,23882,8373,1075,33330
2020-05-01T08:00:00.00+05:30,24716,8889,1147,34752
2020-05-01T17:00:00.00+05:30,24755,9065,1152,34972
2020-05-02T08:00:00.00+05:30,25988,9951,1218,37157
2020-05-02T17:00:00.00+05:30,26430,10018,1223,37671
2020-05-03T08:00:00.00+05:30,27922,10633,1301,39856
2020-05-03T17:00:00.00+05:30,27931,10887,1306,40124
2020-05-04T08:00:00.00+05:30,29453,11707,1373,42533
2020-05-04T17:00:00.00+05:30,29685,11762,1389,42836
2020-05-05T08:00:00.00+05:30,32138,12727,1568,46433
2020-05-05T17:00:00.00+05:30,31967,13161,1583,46711
2020-05-06T08:00:00.00+05:30,33514,14183,1694,49391
2020-05-07T08:00:00.00+05:30,35902,15267,1783,52952
2020-05-08T08:00:00.00+05:30,37916,16540,1886,56342
2020-05-09T08:00:00.00+05:30,39834,17847,1981,59662
2020-05-10T08:00:00.00+05:30,41472,19358,2109,62939
2020-05-11T08:00:00.00+05:30,44029,20917,2206,67152
2020-05-12T08:00:00.00+05:30,46008,22455,2293,70756
2020-05-13T08:00:00.00+05:30,47480,24386,2415,74281
2020-05-14T08:00:00.00+05:30,49219,26235,2549,78003
2020-05-15T08:00:00.00+05:30,51401,27920,2649,81970
2020-05-16T08:00:00.00+05:30,52805,30153,2752,85710
2020-05-17T08:00:00.00+05:30,53656,34109,2872,90637
2020-05-18T08:00:00.00+05:30,55906,36824,3029,95759
2020-05-19T08:00:00.00+05:30,57988,39174,3163,100325
2020-05-20T08:00:00.00+05:30,60053,42298,3303,105654
2020-05-21T08:00:00.00+05:30,62221,45300,3435,110956
2020-05-22T08:00:00.00+05:30,64710,48534,3583,116827
2020-05-23T08:00:00.00+05:30,67698,51784,3720,123202
2020-05-24T08:00:00.00+05:30,71222,54441,3867,129530
2020-05-25T08:00:00.00+05:30,74461,57721,4021,136203
2020-05-26T08:00:00.00+05:30,77752,60491,4167,142410
2020-05-27T08:00:00.00+05:30,78991,64426,4337,147754
2020-05-28T08:00:00.00+05:30,81778,67692,4531,154001
2020-05-29T08:00:00.00+05:30,85314,71106,4706,161126
2020-05-30T08:00:00.00+05:30,81379,82370,4971,168720
2020-05-31T08:00:00.00+05:30,84504,86984,5164,176652
2020-06-01T08:00:00.00+05:30,87692,91819,5394,184905
2020-06-02T08:00:00.00+05:30,91167,95527,5598,192292
2020-06-03T08:00:00.00+05:30,94374,100303,5815,200492
2020-06-04T08:00:00.00+05:30,99254,104107,6075,209436
2020-06-05T08:00:00.00+05:30,110960,109462,6348,226770
2020-06-06T08:00:00.00+05:30,115942,114073,6642,236657
2020-06-07T08:00:00.00+05:30,120406,119293,6929,246628
2020-06-08T08:00:00.00+05:30,125381,124095,7135,256611
2020-06-09T08:00:00.00+05:30,129917,129215,7466,266598
2020-06-10T08:00:00.00+05:30,133632,135206,7745,276583
2020-06-11T08:00:00.00+05:30,137448,141029,8102,286579
2020-06-12T08:00:00.00+05:30,141842,147195,8498,297535
2020-06-13T08:00:00.00+05:30,145779,154330,8884,308993
2020-06-14T08:00:00.00+05:30,149348,162379,9195,320922
2020-06-15T08:00:00.00+05:30,153106,169798,9520,332424
2020-06-16T08:00:00.00+05:30,153178,180013,9900,343091
2020-06-17T08:00:00.00+05:30,154638,186935,11903,353476
2020-06-18T08:00:00.00+05:30,160384,194325,12237,366946
2020-06-19T08:00:00.00+05:30,163248,204711,12573,380532
2020-06-20T08:00:00.00+05:30,168269,213831,12948,395048
2020-06-21T08:00:00.00+05:30,169451,227756,13254,410461
2020-06-22T08:00:00.00+05:30,174387,237196,13699,425282
2020-06-23T08:00:00.00+05:30,178014,248190,14011,440215
2020-06-24T08:00:00.00+05:30,183022,258685,14476,456183
2020-06-25T08:00:00.00+05:30,186514,271697,14894,473105
2020-06-26T08:00:00.00+05:30,189463,285637,15301,490401
2020-06-27T08:00:00.00+05:30,197387,295881,15685,508953
2020-06-28T08:00:00.00+05:30,203051,309713,16095,528859
2020-06-29T08:00:00.00+05:30,210120,321723,16475,548318
2020-06-30T08:00:00.00+05:30,215125,334822,16893,566840
2020-07-01T08:00:00.00+05:30,220114,347979,17400,585493
2020-07-02T08:00:00.00+05:30,226947,359860,17834,604641
2020-07-03T08:00:00.00+05:30,227439,379892,18213,625544
2020-07-04T08:00:00.00+05:30,235433,394227,18655,648315
2020-07-05T08:00:00.00+05:30,244814,409083,19268,673165
2020-07-06T08:00:00.00+05:30,253287,424433,19693,697413
2020-07-07T08:00:00.00+05:30,259557,439948,20160,719665
2020-07-08T08:00:00.00+05:30,264944,456831,20642,742417
2020-07-09T08:00:00.00+05:30,269789,476378,21129,767296
2020-07-10T08:00:00.00+05:30,276685,495513,21604,793802
2020-07-11T08:00:00.00+05:30,283407,515386,22123,820916
2020-07-12T08:00:00.00+05:30,292258,534621,22674,849553
2020-07-13T08:00:00.00+05:30,301609,553471,23174,878254
2020-07-14T08:00:00.00+05:30,311565,571460,23727,906752
2020-07-15T08:00:00.00+05:30,319840,592032,24309,936181
2020-07-16T08:00:00.00+05:30,331146,612815,24915,968876
2020-07-17T08:00:00.00+05:30,342473,635757,25602,1003832
2020-07-18T08:00:00.00+05:30,358692,653751,26273,1038716
2020-07-19T08:00:00.00+05:30,373379,677423,26816,1077618
2020-07-20T08:00:00.00+05:30,390459,700087,27497,1118043
2020-07-21T08:00:00.00+05:30,402529,724578,28084,1155191
2020-07-22T08:00:00.00+05:30,411133,753050,28732,1192915
2020-07-23T08:00:00.00+05:30,426167,782607,29861,1238635
2020-07-24T08:00:00.00+05:30,440135,817209,30601,1287945
2020-07-25T08:00:00.00+05:30,456071,849432,31358,1336861
2020-07-26T08:00:00.00+05:30,467882,885577,32063,1385522
2020-07-27T08:00:00.00+05:30,485114,917568,32771,1435453
2020-07-28T08:00:00.00+05:30,496988,952743,33425,1483156
2020-07-29T08:00:00.00+05:30,509447,988029,34193,1531669
2020-07-30T08:00:00.00+05:30,528242,1020582,34968,1583792
2020-07-31T08:00:00.00+05:30,545318,1057805,35747,1638870
2020-08-01T08:00:00.00+05:30,565103,1094374,36511,1695988
2020-08-02T08:00:00.00+05:30,567730,1145629,37364,1750723
2020-08-03T08:00:00.00+05:30,579357,1186203,38135,1803695
2020-08-04T08:00:00.00+05:30,586298,1230509,38938,1855745
2020-08-05T08:00:00.00+05:30,586244,1282215,39795,1908254
2020-08-06T08:00:00.00+05:30,595501,1328336,40699,1964536
2020-08-07T08:00:00.00+05:30,607384,1378105,41585,2027074
2020-08-08T08:00:00.00+05:30,619088,1427005,42518,2088611
2020-08-09T08:00:00.00+05:30,628747,1480884,43379,2153010
2020-08-10T08:00:00.00+05:30,634945,1535743,44386,2215074
2020-08-11T08:00:00.00+05:30,639929,1583489,45257,2268675
2020-08-12T08:00:00.00+05:30,643948,1639599,46091,2329638
2020-08-13T08:00:00.00+05:30,653622,1695982,47033,2396637
2020-08-14T08:00:00.00+05:30,661595,1751555,48040,2461190
2020-08-15T08:00:00.00+05:30,667950,1808936,49036,2525922
2020-08-16T08:00:00.00+05:30,677444,1862258,49980,2589682
2020-08-17T08:00:00.00+05:30,676900,1919842,50921,2647663
2020-08-18T08:00:00.00+05:30,670066,1977779,51797,2699642
2020-08-19T08:00:00.00+05:30,676514,2037870,52889,2767273
2020-08-20T08:00:00.00+05:30,686395,2096664,53866,2836925
2020-08-21T08:00:00.00+05:30,692030,2158946,54849,2905825
2020-08-22T08:00:00.00+05:30,697330,2222577,55794,2975701
2020-08-23T08:00:00.00+05:30,707668,2280566,56706,3044940
2020-08-24T08:00:00.00+05:30,710771,2338035,57542,3106348
2020-08-25T08:00:00.00+05:30,704348,2404585,58390,3167323
2020-08-26T08:00:00.00+05:30,707267,2467758,59449,3234474
2020-08-27T08:00:00.00+05:30,725991,2523771,60472,3310234
2020-08-28T08:00:00.00+05:30,742023,2583948,61529,3387500
2020-08-29T08:00:00.00+05:30,752424,2648998,62550,3463972
2020-08-30T08:00:00.00+05:30,765302,2713933,63498,3542733
2020-08-31T08:00:00.00+05:30,781975,2774801,64469,3621245
2020-09-01T08:00:00.00+05:30,785996,2839882,65288,3691166
2020-09-02T08:00:00.00+05:30,801282,2901908,66333,3769523
2020-09-03T08:00:00.00+05:30,815538,2970492,67376,3853406
2020-09-04T08:00:00.00+05:30,831124,3037151,68472,3936747
2020-09-05T08:00:00.00+05:30,846395,3107223,69561,4023179
2020-09-06T08:00:00.00+05:30,862320,3180865,70626,4113811
2020-09-07T08:00:00.00+05:30,882542,3250429,71642,4204613
2020-09-08T08:00:00.00+05:30,883697,3323950,72775,4280422
2020-09-09T08:00:00.00+05:30,897394,3398844,73890,4370128
2020-09-10T08:00:00.00+05:30,919018,3471783,75062,4465863
2020-09-11T08:00:00.00+05:30,943480,3542663,76271,4562414
2020-09-12T08:00:00.00+05:30,958316,3624196,77472,4659984
2020-09-13T08:00:00.00+05:30,973175,3702595,78586,4754356
2020-09-14T08:00:00.00+05:30,986598,3780107,79722,4846427
2020-09-15T08:00:00.00+05:30,990061,3859399,80776,4930236
2020-09-16T08:00:00.00+05:30,995933,3942360,82066,5020359
2020-09-17T08:00:00.00+05:30,1009976,4025079,83198,5118253
2020-09-18T08:00:00.00+05:30,1017754,4112551,84372,5214677
2020-09-19T08:00:00.00+05:30,1013964,4208431,85619,5308014
2020-09-20T08:00:00.00+05:30,1010824,4303043,86752,5400619
2020-09-21T08:00:00.00+05:30,1003299,4396399,87882,5487580
2020-09-22T08:00:00.00+05:30,975861,4497867,88935,5562663
2020-09-23T08:00:00.00+05:30,968377,4587613,90020,5646010
2020-09-24T08:00:00.00+05:30,966382,4674987,91149,5732518
2020-09-25T08:00:00.00+05:30,970116,4756164,92290,5818570
2020-09-26T08:00:00.00+05:30,960969,4849584,93379,5903932
2020-09-27T08:00:00.00+05:30,956402,4941627,94503,5992532
2020-09-28T08:00:00.00+05:30,962640,5016520,95542,6074702
2020-09-29T08:00:00.00+05:30,947576,5101397,96318,6145291
2020-09-30T08:00:00.00+05:30,940441,5187825,97497,6225763
2020-10-01T08:00:00.00+05:30,940705,5273201,98678,6312584
2020-10-02T08:00:00.00+05:30,942217,5352078,99773,6394068
2020-10-03T08:00:00.00+05:30,944996,5427706,100842,6473544
2020-10-04T08:00:00.00+05:30,937625,5509966,101782,6549373
2020-10-05T08:00:00.00+05:30,934427,5586703,102685,6623815
2020-10-06T08:00:00.00+05:30,919023,5662490,103569,6685082
2020-10-07T08:00:00.00+05:30,907883,5744693,104555,6757131
2020-10-08T08:00:00.00+05:30,902425,5827704,105526,6835655
2020-10-09T08:00:00.00+05:30,893592,5906069,106490,6906151
2020-10-10T08:00:00.00+05:30,883185,5988822,107416,6979423
2020-10-11T08:00:00.00+05:30,867496,6077976,108334,7053806
2020-10-12T08:00:00.00+05:30,861853,6149535,109150,7120538
2020-10-13T08:00:00.00+05:30,838729,6227295,109856,7175880
2020-10-14T08:00:00.00+05:30,826876,6301927,110586,7239389
2020-10-15T08:00:00.00+05:30,812390,6383441,111266,7307097
2020-10-16T08:00:00.00+05:30,804528,6453779,112161,7370468
2020-10-17T08:00:00.00+05:30,795087,6524595,112998,7432680
2020-10-18T08:00:00.00+05:30,783311,6597209,114031,7494551
2020-10-19T08:00:00.00+05:30,772055,6663608,114610,7550273
2020-10-20T08:00:00.00+05:30,748538,6733328,115197,7597063
2020-10-21T08:00:00.00+05:30,740089,6795103,115914,7651106
2020-10-22T08:00:00.00+05:30,715812,6874518,116616,7706946
2020-10-23T08:00:00.00+05:30,695509,6948497,117306,7761312
2020-10-24T08:00:00.00+05:30,680680,7016046,117956,7814682
2020-10-25T08:00:00.00+05:30,668154,7078123,118534,7864811
2020-10-26T08:00:00.00+05:30,653717,7137228,119014,7909959
2020-10-27T08:00:00.00+05:30,625857,7201070,119502,7946429
2020-10-28T08:00:00.00+05:30,610803,7259509,120010,7990322
2020-10-29T08:00:00.00+05:30,603687,7315989,120527,8040203
2020-10-30T08:00:00.00+05:30,594386,7373375,121090,8088851
2020-10-31T08:00:00.00+05:30,582649,7432829,121641,8137119
2020-11-01T08:00:00.00+05:30,570458,7491513,122111,8184082
2020-11-02T08:00:00.00+05:30,561908,7544798,122607,8229313
2020-11-03T08:00:00.00+05:30,541405,7603121,123097,8267623
2020-11-04T08:00:00.00+05:30,533787,7656478,123611,8313876
2020-11-05T08:00:00.00+05:30,527962,7711809,124315,8364086
2020-11-06T08:00:00.00+05:30,520773,7765966,124985,8411724
2020-11-07T08:00:00.00+05:30,516632,7819886,125562,8462080
2020-11-08T08:00:00.00+05:30,512665,7868968,126121,8507754
2020-11-09T08:00:00.00+05:30,509673,7917373,126611,8553657
2020-11-10T08:00:00.00+05:30,501214,7963457,127059,8591730
2020-11-11T08:00:00.00+05:30,494657,8013783,127571,8636011
2020-11-12T08:00:00.00+05:30,489294,8066501,128121,8683916
2020-11-13T08:00:00.00+05:30,484547,8115580,128668,8728795
2020-11-14T08:00:00.00+05:30,480719,8163572,129188,8773479
2020-11-15T08:00:00.00+05:30,479216,8205728,129635,8814579
2020-11-16T08:00:00.00+05:30,465478,8249579,130070,8845127
2020-11-17T08:00:00.00+05:30,453401,8290370,130519,8874290
2020-11-18T08:00:00.00+05:30,446805,8335109,130993,8912907
2020-11-19T08:00:00.00+05:30,443303,8383602,131578,8958483
2020-11-20T08:00:00.00+05:30,443794,8428409,132162,9004365
2020-11-21T08:00:00.00+05:30,439747,8478124,132726,9050597
2020-11-22T08:00:00.00+05:30,440962,8521617,133227,9095806
2020-11-23T08:00:00.00+05:30,443486,8562641,133738,9139865
2020-11-24T08:00:00.00+05:30,438667,8604955,134218,9177840
2020-11-25T08:00:00.00+05:30,444746,8642771,134699,9222216
2020-11-26T08:00:00.00+05:30,452344,8679138,135223,9266705
2020-11-27T08:00:00.00+05:30,455555,8718517,135715,9309787
2020-11-28T08:00:00.00+05:30,454940,8759969,136200,9351109
2020-11-29T08:00:00.00+05:30,453956,8802267,136696,9392919
2020-11-30T08:00:00.00+05:30,446952,8847600,137139,9431691
2020-12-01T08:00:00.00+05:30,435603,8889585,137621,9462809
2020-12-02T08:00:00.00+05:30,428644,8932647,138122,9499413
2020-12-03T08:00:00.00+05:30,422943,8973373,138648,9534964
2020-12-04T08:00:00.00+05:30,416082,9016289,139188,9571559
2020-12-05T08:00:00.00+05:30,409689,9058822,139700,9608211
2020-12-06T08:00:00.00+05:30,403248,9100792,140182,9644222
2020-12-07T08:00:00.00+05:30,396729,9139901,140573,9677203
2020-12-08T08:00:00.00+05:30,383866,9178946,140958,9703770
2020-12-09T08:00:00.00+05:30,378909,9215581,141360,9735850
2020-12-10T08:00:00.00+05:30,372293,9253306,141772,9767371
2020-12-11T08:00:00.00+05:30,363749,9290834,142186,9796769
2020-12-12T08:00:00.00+05:30,359819,9324328,142628,9826775
2020-12-13T08:00:00.00+05:30,356546,9357464,143019,9857029
2020-12-14T08:00:00.00+05:30,352586,9388159,143355,9884100
2020-12-15T08:00:00.00+05:30,339820,9422636,143709,9906165
2020-12-16T08:00:00.00+05:30,332002,9456449,144096,9932547
2020-12-17T08:00:00.00+05:30,322366,9489740,144451,9956557
2020-12-18T08:00:00.00+05:30,313831,9520827,144789,9979447
2020-12-19T08:00:00.00+05:30,308751,9550712,145136,10004599
2020-12-20T08:00:00.00+05:30,305344,9580402,145477,10031223
2020-12-21T08:00:00.00+05:30,303639,9606111,145810,10055560
2020-12-22T08:00:00.00+05:30,292518,9636487,146111,10075116
2020-12-23T08:00:00.00+05:30,289240,9663382,146444,10099066
2020-12-24T08:00:00.00+05:30,283849,9693173,146756,10123778
2020-12-25T08:00:00.00+05:30,281919,9717834,147092,10146845
2020-12-26T08:00:00.00+05:30,281667,9740108,147343,10169118
2020-12-27T08:00:00.00+05:30,278690,9761538,147622,10187850
2020-12-28T08:00:00.00+05:30,277301,9782669,147901,10207871
2020-12-29T08:00:00.00+05:30,268581,9807569,148153,10224303
2020-12-30T08:00:00.00+05:30,262272,9834141,148439,10244852
2020-12-31T08:00:00.00+05:30,257656,9860280,148738,10266674
2021-01-01T08:00:00.00+05:30,254254,9883461,148994,10286709
2021-01-02T08:00:00.00+05:30,250183,9906387,149218,10305788
2021-01-03T08:00:00.00+05:30,247220,9927310,149435,10323965
2021-01-04T08:00:00.00+05:30,243953,9946867,149649,10340469
2021-01-05T08:00:00.00+05:30,231036,9975958,149850,10356844
2021-01-06T08:00:00.00+05:30,227546,9997272,150114,10374932
2021-01-07T08:00:00.00+05:30,228083,10016859,150336,10395278
2021-01-08T08:00:00.00+05:30,225449,10037398,150570,10413417
2021-01-09T08:00:00.00+05:30,224190,10056651,150798,10431639
2021-01-10T08:00:00.00+05:30,223335,10075950,150999,10450284
2021-01-11T08:00:00.00+05:30,222526,10092909,151160,10466595
2021-01-12T08:00:00.00+05:30,216558,10111294,151327,10479179
2021-01-13T08:00:00.00+05:30,214507,10129111,151529,10495147
2021-01-14T08:00:00.00+05:30,213603,10146763,151727,10512093
2021-01-15T08:00:00.00+05:30,213027,10162738,151918,10527683
2021-01-16T08:00:00.00+05:30,211033,10179715,152093,10542841
2021-01-17T08:00:00.00+05:30,208826,10196885,152274,10557985
2021-01-18T08:00:00.00+05:30,208012,10211342,152419,10571773
2021-01-19T08:00:00.00+05:30,200528,10228753,152556,10581837
2021-01-20T08:00:00.00+05:30,197201,10245741,152718,10595660
2021-01-21T08:00:00.00+05:30,192308,10265706,152869,10610883
2021-01-22T08:00:00.00+05:30,188688,10283708,153032,10625428
2021-01-23T08:00:00.00+05:30,185662,10300838,153184,10639684
2021-01-24T08:00:00.00+05:30,184408,10316786,153339,10654533
2021-01-25T08:00:00.00+05:30,184182,10330084,153470,10667736
2021-01-26T08:00:00.00+05:30,177266,10345985,153587,10676838
2021-01-27T08:00:00.00+05:30,176498,10359305,153724,10689527
2021-01-28T08:00:00.00+05:30,173740,10373606,153847,10701193
2021-01-29T08:00:00.00+05:30,171686,10394352,154010,10720048
2021-01-30T08:00:00.00+05:30,169824,10409160,154147,10733131
2021-01-31T08:00:00.00+05:30,168784,10423125,154274,10746183
2021-02-01T08:00:00.00+05:30,168235,10434983,154392,10757610
2021-02-02T08:00:00.00+05:30,163353,10448406,154486,10766245
2021-02-03T08:00:00.00+05:30,160057,10462631,154596,10777284
2021-02-04T08:00:00.00+05:30,155025,10480455,154703,10790183
2021-02-05T08:00:00.00+05:30,151460,10496308,154823,10802591
2021-02-06T08:00:00.00+05:30,148590,10510796,154918,10814304
2021-02-07T08:00:00.00+05:30,148766,10522601,154996,10826363
2021-02-08T08:00:00.00+05:30,148609,10534505,155080,10838194
2021-02-09T08:00:00.00+05:30,143625,10548521,155158,10847304
2021-02-10T08:00:00.00+05:30,141511,10561608,155252,10858371
2021-02-11T08:00:00.00+05:30,142562,10573372,155360,10871294
2021-02-12T08:00:00.00+05:30,135926,10589230,155447,10880603
2021-02-13T08:00:00.00+05:30,136571,10600625,155550,10892746
2021-02-14T08:00:00.00+05:30,137567,10611731,155642,10904940
2021-02-15T08:00:00.00+05:30,139637,10621220,155732,10916589
2021-02-16T08:00:00.00+05:30,136872,10633025,155813,10925710
2021-02-17T08:00:00.00+05:30,136549,10644858,155913,10937320
2021-02-18T08:00:00.00+05:30,137342,10656845,156014,10950201
2021-02-19T08:00:00.00+05:30,139542,10667741,156111,10963394
2021-02-20T08:00:00.00+05:30,143127,10678048,156212,10977387
2021-02-21T08:00:00.00+05:30,145634,10689715,156302,10991651
2021-02-22T08:00:00.00+05:30,150055,10699410,156385,11005850
2021-02-23T08:00:00.00+05:30,147306,10712665,156463,11016434
2021-02-24T08:00:00.00+05:30,146907,10726702,156567,11030176
2021-02-25T08:00:00.00+05:30,151708,10738501,156705,11046914
2021-02-26T08:00:00.00+05:30,155986,10750680,156825,11063491
2021-02-27T08:00:00.00+05:30,159590,10763451,156938,11079979
2021-02-28T08:00:00.00+05:30,164511,10775169,157051,11096731
2021-03-01T08:00:00.00+05:30,168627,10786457,157157,11112241
2021-03-02T08:00:00.00+05:30,168358,10798921,157248,11124527
2021-03-03T08:00:00.00+05:30,170126,10812044,157346,11139516
2021-03-04T08:00:00.00+05:30,173413,10826075,157435,11156923
2021-03-05T08:00:00.00+05:30,176319,10839894,157548,11173761
2021-03-06T08:00:00.00+05:30,180304,10854128,157656,11192088
2021-03-07T08:00:00.00+05:30,184523,10868520,157756,11210799
2021-03-08T08:00:00.00+05:30,188747,10882798,157853,11229398
2021-03-09T08:00:00.00+05:30,187462,10899394,157930,11244786
2021-03-10T08:00:00.00+05:30,184598,10920046,158063,11262707
2021-03-11T08:00:00.00+05:30,189226,10938146,158189,11285561
2021-03-12T08:00:00.00+05:30,197237,10953303,158306,11308846
2021-03-13T08:00:00.00+05:30,202022,10973260,158446,11333728
2021-03-14T08:00:00.00+05:30,210544,10989897,158607,11359048
2021-03-15T08:00:00.00+05:30,219262,11007352,158725,11385339
2021-03-16T08:00:00.00+05:30,223432,11027543,158856,11409831
2021-03-17T08:00:00.00+05:30,234406,11045284,159044,11438734
2021-03-18T08:00:00.00+05:30,252364,11063025,159216,11474605
2021-03-19T08:00:00.00+05:30,271282,11083679,159370,11514331
2021-03-20T08:00:00.00+05:30,288394,11107332,159558,11555284
2021-03-21T08:00:00.00+05:30,309087,11130288,159755,11599130
2021-03-22T08:00:00.00+05:30,334646,11151468,159967,11646081
2021-03-23T08:00:00.00+05:30,345377,11181253,160166,11686796
2021-03-24T08:00:00.00+05:30,368457,11205160,160441,11734058
2021-03-25T08:00:00.00+05:30,395192,11231650,160692,11787534
2021-03-26T08:00:00.00+05:30,421066,11264637,160949,11846652
2021-03-27T08:00:00.00+05:30,452647,11295023,161240,11908910
2021-03-28T08:00:00.00+05:30,486310,11323762,161552,11971624
2021-03-29T08:00:00.00+05:30,521808,11355993,161843,12039644
2021-03-30T08:00:00.00+05:30,540720,11393021,162114,12095855
2021-03-31T08:00:00.00+05:30,552566,11434301,162468,12149335
2021-04-01T08:00:00.00+05:30,584046,11474683,162927,12221656
2021-04-02T08:00:00.00+05:30,614696,11525039,163396,12303131
2021-04-03T08:00:00.00+05:30,658909,11569241,164110,12392260
2021-04-04T08:00:00.00+05:30,691597,11629289,164623,12485509
2021-04-05T08:00:00.00+05:30,741830,11682136,165101,12589067
2021-04-06T08:00:00.00+05:30,788223,11732279,165547,12686049
2021-04-07T08:00:00.00+05:30,843473,11792135,166177,12801785
2021-04-08T08:00:00.00+05:30,910319,11851393,166862,12928574
2021-04-09T08:00:00.00+05:30,979608,11913292,167642,13060542
2021-04-10T08:00:00.00+05:30,1046631,11990859,168436,13205926
2021-04-11T08:00:00.00+05:30,1108087,12081443,169275,13358805
2021-04-12T08:00:00.00+05:30,1201009,12156529,170179,13527717
2021-04-13T08:00:00.00+05:30,1264698,12253697,171058,13689453
2021-04-14T08:00:00.00+05:30,1365704,12336036,172085,13873825
2021-04-15T08:00:00.00+05:30,1471877,12429564,173123,14074564
2021-04-16T08:00:00.00+05:30,1569743,12547866,174308,14291917
2021-04-17T08:00:00.00+05:30,1679740,12671220,175649,14526609
2021-04-18T08:00:00.00+05:30,1801316,12809643,177150,14788109
2021-04-19T08:00:00.00+05:30,1929329,12953821,178769,15061919
2021-04-20T08:00:00.00+05:30,2031977,13108582,180530,15321089
2021-04-21T08:00:00.00+05:30,2157538,13276039,182553,15616130
2021-04-22T08:00:00.00+05:30,2291428,13454880,184657,15930965
2021-04-23T08:00:00.00+05:30,2428616,13648159,186920,16263695
2021-04-24T08:00:00.00+05:30,2552940,13867997,189544,16610481
2021-04-25T08:00:00.00+05:30,2682751,14085110,192311,16960172
2021-04-26T08:00:00.00+05:30,2813658,14304382,195123,17313163
2021-04-27T08:00:00.00+05:30,2882204,14556209,197894,17636307
2021-04-28T08:00:00.00+05:30,2978709,14817371,201187,17997267
2021-04-29T08:00:00.00+05:30,3084814,15086878,204832,18376524
2021-04-30T08:00:00.00+05:30,3170228,15384418,208330,18762976
2021-05-01T08:00:00.00+05:30,3268710,15684406,211853,19164969
2021-05-02T08:00:00.00+05:30,3349644,15992271,215542,19557457
2021-05-03T08:00:00.00+05:30,3413642,16293003,218959,19925604
2021-05-04T08:00:00.00+05:30,3447133,16613292,222408,20282833
2021-05-05T08:00:00.00+05:30,3487229,16951731,226188,20665148
2021-05-06T08:00:00.00+05:30,3566398,17280844,230168,21077410
2021-05-07T08:00:00.00+05:30,3645164,17612351,234083,21491598
2021-05-08T08:00:00.00+05:30,3723446,17930960,238270,21892676
2021-05-09T08:00:00.00+05:30,3736648,18317404,242362,22296414
2021-05-10T08:00:00.00+05:30,3745237,18671222,246116,22662575
2021-05-11T08:00:00.00+05:30,3715221,19027304,249992,22992517
2021-05-12T08:00:00.00+05:30,3704099,19382642,254197,23340938
2021-05-13T08:00:00.00+05:30,3710525,19734823,258317,23703665
2021-05-14T08:00:00.00+05:30,3704893,20079599,262317,24046809
2021-05-15T08:00:00.00+05:30,3673802,20432898,266207,24372907
2021-05-16T08:00:00.00+05:30,3618458,20795335,270284,24684077
2021-05-17T08:00:00.00+05:30,3516997,21174076,274390,24965463
2021-05-18T08:00:00.00+05:30,3353765,21596512,278719,25228996
2021-05-19T08:00:00.00+05:30,3226719,21986363,283248,25496330
2021-05-20T08:00:00.00+05:30,3129878,22355440,287122,25772440
2021-05-21T08:00:00.00+05:30,3027925,22712735,291331,26031991
2021-05-22T08:00:00.00+05:30,2923400,23070365,295525,26289290
2021-05-23T08:00:00.00+05:30,2805399,23425467,299266,26530132
2021-05-24T08:00:00.00+05:30,2720716,23728011,303720,26752447
2021-05-25T08:00:00.00+05:30,2586782,24054861,307231,26948874
2021-05-26T08:00:00.00+05:30,2495591,24350816,311388,27157795
2021-05-27T08:00:00.00+05:30,2419907,24633951,315235,27369093
2021-05-28T08:00:00.00+05:30,2343152,24893410,318895,27555457
2021-05-29T08:00:00.00+05:30,2228724,25178011,322512,27729247
2021-05-30T08:00:00.00+05:30,2114508,25454320,325972,27894800
2021-05-31T08:00:00.00+05:30,2026092,25692342,329100,28047534
2021-06-01T08:00:00.00+05:30,1895520,25947629,331895,28175044
2021-06-02T08:00:00.00+05:30,1793645,26179085,335102,28307832
2021-06-03T08:00:00.00+05:30,1713413,26390584,337989,28441986
2021-06-04T08:00:00.00+05:30,1635993,26597655,340702,28574350
2021-06-05T08:00:00.00+05:30,1555248,26795549,344082,28694879
2021-06-06T08:00:00.00+05:30,1477799,26984781,346759,28809339
2021-06-07T08:00:00.00+05:30,1401609,27159180,349186,28909975
2021-06-08T08:00:00.00+05:30,1303702,27341462,351309,28996473
2021-06-09T08:00:00.00+05:30,1231415,27504126,353528,29089069
2021-06-10T08:00:00.00+05:30,1167952,27655493,359676,29183121
2021-06-11T08:00:00.00+05:30,1121671,27790073,363079,29274823
2021-06-12T08:00:00.00+05:30,1080690,27911384,367081,29359155
2021-06-13T08:00:00.00+05:30,1026159,28043446,370384,29439989
2021-06-14T08:00:00.00+05:30,973158,28162947,374305,29510410
2021-06-15T08:00:00.00+05:30,913378,28280472,377031,29570881
2021-06-16T08:00:00.00+05:30,865432,28388100,379573,29633105
2021-06-17T08:00:00.00+05:30,826740,28491670,381903,29700313
2021-06-18T08:00:00.00+05:30,798656,28580647,383490,29762793
2021-06-19T08:00:00.00+05:30,760019,28678390,385137,29823546
2021-06-20T08:00:00.00+05:30,729243,28766009,386713,29881965
2021-06-21T08:00:00.00+05:30,702887,28844199,388135,29935221
2021-06-22T08:00:00.00+05:30,662521,28926038,389302,29977861
2021-06-23T08:00:00.00+05:30,643194,28994855,390660,30028709
2021-06-24T08:00:00.00+05:30,627057,29063740,391981,30082778
2021-06-25T08:00:00.00+05:30,612868,29128267,393310,30134445
2021-06-26T08:00:00.00+05:30,595565,29193085,394493,30183143
2021-06-27T08:00:00.00+05:30,586403,29251029,395751,30233183
2021-06-28T08:00:00.00+05:30,572994,29309607,396730,30279331
2021-06-29T08:00:00.00+05:30,552659,29366601,397637,30316897
2021-06-30T08:00:00.00+05:30,537064,29427330,398454,30362848
2021-07-01T08:00:00.00+05:30,523257,29488918,399459,30411634
2021-07-02T08:00:00.00+05:30,509637,29548302,400312,30458251
2021-07-03T08:00:00.00+05:30,495533,29605779,401050,30502362
2021-07-04T08:00:00.00+05:30,485350,29658078,402005,30545433
2021-07-05T08:00:00.00+05:30,482071,29700430,402728,30585229
2021-07-06T08:00:00.00+05:30,464357,29752294,403281,30619932
2021-07-07T08:00:00.00+05:30,459920,29799534,404211,30663665
2021-07-08T08:00:00.00+05:30,460704,29843825,405028,30709557
2021-07-09T08:00:00.00+05:30,458727,29888284,405939,30752950
2021-07-10T08:00:00.00+05:30,455033,29933538,407145,30795716
2021-07-11T08:00:00.00+05:30,454118,29975064,408040,30837222
2021-07-12T08:00:00.00+05:30,450899,30014713,408764,30874376
2021-07-13T08:00:00.00+05:30,431315,30063720,410784,30905819
2021-07-14T08:00:00.00+05:30,429946,30104720,411408,30946074
2021-07-15T08:00:00.00+05:30,432041,30143850,411989,30987880
2021-07-16T08:00:00.00+05:30,430422,30183876,412531,31026829
2021-07-17T08:00:00.00+05:30,424025,30227792,413091,31064908
2021-07-18T08:00:00.00+05:30,422660,30269796,413609,31106065
2021-07-19T08:00:00.00+05:30,421665,30308456,414108,31144229
2021-07-20T08:00:00.00+05:30,406130,30353710,414482,31174322
2021-07-21T08:00:00.00+05:30,421665,30308456,414108,31144229
2021-07-22T08:00:00.00+05:30,409394,30429339,418987,31257720
2021-07-23T08:00:00.00+05:30,405513,30468079,419470,31293062
2021-07-24T08:00:00.00+05:30,408977,30503166,420016,31332159
2021-07-25T08:00:00.00+05:30,408212,30543138,420551,31371901
2021-07-26T08:00:00.00+05:30,411189,30579106,420967,31411262
2021-07-27T08:00:00.00+05:30,398100,30621469,421382,31440951
2021-07-28T08:00:00.00+05:30,399436,30663147,422022,31484605
2021-07-29T08:00:00.00+05:30,403840,30701612,422662,31528114
2021-07-30T08:00:00.00+05:30,405155,30743972,423217,31572344
2021-07-31T08:00:00.00+05:30,408920,30781263,423810,31613993
2021-08-01T08:00:00.00+05:30,410952,30820521,424351,31655824
2021-08-02T08:00:00.00+05:30,413718,30857467,424773,31695958
2021-08-03T08:00:00.00+05:30,404958,30896354,425195,31726507
2021-08-04T08:00:00.00+05:30,410353,30933022,425757,31769132
2021-08-05T08:00:00.00+05:30,411076,30974748,426290,31812114
2021-08-06T08:00:00.00+05:30,414159,31015844,426754,31856757
2021-08-07T08:00:00.00+05:30,412153,31055861,427371,31895385
2021-08-08T08:00:00.00+05:30,406822,31099771,427862,31934455
2021-08-09T08:00:00.00+05:30,402188,31139457,428309,31969954
2021-08-10T08:00:00.00+05:30,388508,31180968,428682,31998158
2021-08-11T08:00:00.00+05:30,386351,31220981,429179,32036511
2021-08-12T08:00:00.00+05:30,387987,31260050,429669,32077706
2021-08-13T08:00:00.00+05:30,385227,31302345,430254,32117826
2021-08-14T08:00:00.00+05:30,387673,31338088,430732,32156493
2021-08-15T08:00:00.00+05:30,385336,31376015,431225,32192576
2021-08-16T08:00:00.00+05:30,381947,31411924,431642,32225513
2021-08-17T08:00:00.00+05:30,369846,31448754,432079,32250679
2021-08-18T08:00:00.00+05:30,367415,31485923,432519,32285857
2021-08-19T08:00:00.00+05:30,364129,31525080,433049,32322258
2021-08-20T08:00:00.00+05:30,363605,31561635,433589,32358829
2021-08-21T08:00:00.00+05:30,361340,31597982,433964,32393286
2021-08-22T08:00:00.00+05:30,353398,31636469,434367,32424234
2021-08-23T08:00:00.00+05:30,333924,31680626,434756,32449306
2021-08-24T08:00:00.00+05:30,319551,31720112,435110,32474773
2021-08-25T08:00:00.00+05:30,322327,31754281,435758,32512366
2021-08-26T08:00:00.00+05:30,333725,31788440,436365,32558530
2021-08-27T08:00:00.00+05:30,344899,31821428,436861,32603188
2021-08-28T08:00:00.00+05:30,359775,31852802,437370,32649947
2021-08-29T08:00:00.00+05:30,368558,31888642,437830,32695030
2021-08-30T08:00:00.00+05:30,376324,31923405,438210,32737939
2021-08-31T08:00:00.00+05:30,370640,31959680,438560,32768880
2021-09-01T08:00:00.00+05:30,378181,31993644,439020,32810845
2021-09-02T08:00:00.00+05:30,389583,32028825,439529,32857937
2021-09-03T08:00:00.00+05:30,399778,32063616,439895,32903289
2021-09-04T08:00:00.00+05:30,405681,32100001,440225,32945907
2021-09-05T08:00:00.00+05:30,410048,32138092,440533,32988673
2021-09-06T08:00:00.00+05:30,404874,32181995,440752,33027621
2021-09-07T08:00:00.00+05:30,392864,32224937,441042,33058843
2021-09-08T08:00:00.00+05:30,391256,32264051,441411,33096718
2021-09-09T08:00:00.00+05:30,393614,32304618,441749,33139981
2021-09-10T08:00:00.00+05:30,390646,32342299,442009,33174954
2021-09-11T08:00:00.00+05:30,391516,32374497,442317,33208330
2021-09-12T08:00:00.00+05:30,384921,32409345,442655,33236921
2021-09-13T08:00:00.00+05:30,374269,32447032,442874,33264175
2021-09-14T08:00:00.00+05:30,362207,32484159,443213,33289579
2021-09-15T08:00:00.00+05:30,351087,32522171,443497,33316755
2021-09-16T08:00:00.00+05:30,390646,32342299,442009,33174954
2021-09-17T08:00:00.00+05:30,339056,32598424,444248,33381728
2021-09-18T08:00:00.00+05:30,340639,32632222,444529,33417390
2021-09-19T08:00:00.00+05:30,332158,32671167,444838,33448163
2021-09-20T08:00:00.00+05:30,318181,32715105,445133,33478419
2021-09-21T08:00:00.00+05:30,309575,32749574,445385,33504534
2021-09-22T08:00:00.00+05:30,301989,32783741,445768,33531498
2021-09-24T08:00:00.00+05:30,300162,32848273,446368,33594803
2021-09-25T08:00:00.00+05:30,301442,32876319,446658,33624419
2021-09-26T08:00:00.00+05:30,303476,32902351,446918,33652745
2021-09-27T08:00:00.00+05:30,299620,32931972,447194,33678786
2021-09-28T08:00:00.00+05:30,292206,32958002,447373,33697581
2021-09-29T08:00:00.00+05:30,282520,32986180,447751,33716451
2021-09-30T08:00:00.00+05:30,277020,33014898,448062,33739980
2021-10-01T08:00:00.00+05:30,275224,33043144,448339,33766707
2021-10-02T08:00:00.00+05:30,273889,33068599,448573,33791061
2021-10-03T08:00:00.00+05:30,270557,33094529,448817,33813903
2021-10-04T08:00:00.00+05:30,264458,33121247,448997,33834702
2021-10-05T08:00:00.00+05:30,252902,33150886,449260,33853048
2021-10-06T08:00:00.00+05:30,246687,33175656,449538,33871881
2021-10-07T08:00:00.00+05:30,244198,33200258,449856,33894312
2021-10-08T08:00:00.00+05:30,240221,33225221,450127,33915569
2021-10-09T08:00:00.00+05:30,236643,33248291,450375,33935309
2021-10-10T08:00:00.00+05:30,230971,33271915,450589,33953475
2021-10-11T08:00:00.00+05:30,227347,33293478,450782,33971607
2021-10-12T08:00:00.00+05:30,214900,33320057,450963,33985920
2021-10-13T08:00:00.00+05:30,207653,33342901,451189,34001743
2021-10-14T08:00:00.00+05:30,206586,33362709,451435,34020730
2021-10-15T08:00:00.00+05:30,203678,33382100,451814,34037592
2021-10-16T08:00:00.00+05:30,201632,33399961,451980,34053573
2021-10-17T08:00:00.00+05:30,195846,33419749,452124,34067719
2021-10-18T08:00:00.00+05:30,189694,33439331,452290,34081315
2021-10-19T08:00:00.00+05:30,183118,33458801,452454,34094373
2021-10-20T08:00:00.00+05:30,178098,33478247,452651,34108996
2021-10-21T08:00:00.00+05:30,178831,33495808,452811,34127450
2021-10-22T08:00:00.00+05:30,175745,33514449,453042,34143236
2021-10-23T08:00:00.00+05:30,173728,33532126,453708,34159562
2021-10-24T08:00:00.00+05:30,172594,33548605,454269,34175468
2021-10-25T08:00:00.00+05:30,167695,33567367,454712,34189774
2021-10-26T08:00:00.00+05:30,163816,33583318,455068,34202202
2021-10-27T08:00:00.00+05:30,162661,33597339,455653,34215653
2021-10-28T08:00:00.00+05:30,160989,33614434,456386,34231809
2021-10-29T08:00:00.00+05:30,161334,33627632,457191,34246157
2021-10-30T08:00:00.00+05:30,161555,33641175,457740,34260470
2021-10-31T08:00:00.00+05:30,159272,33655842,458186,34273300
2021-11-01T08:00:00.00+05:30,158817,33668560,458437,34285814
2021-11-02T08:00:00.00+05:30,153776,33683581,458880,34296237
2021-11-03T08:00:00.00+05:30,151209,33697740,459191,34308140
2021-11-04T08:00:00.00+05:30,148579,33712794,459652,34321025
2021-11-05T08:00:00.00+05:30,148922,33724959,459873,34333754
2021-11-06T08:00:00.00+05:30,146950,33737468,460265,34344683
2021-11-07T08:00:00.00+05:30,144845,33749900,460791,34355536
2021-11-08T08:00:00.00+05:30,142826,33763104,461057,34366987
2021-11-09T08:00:00.00+05:30,140638,33775086,461389,34377113
2021-11-10T08:00:00.00+05:30,139683,33787047,461849,34388579
2021-11-11T08:00:00.00+05:30,138556,33800925,462189,34401670
2021-11-12T08:00:00.00+05:30,137416,33814080,462690,34414186
2021-11-13T08:00:00.00+05:30,136308,33826483,463245,34426036
2021-11-14T08:00:00.00+05:30,135918,33837859,463530,34437307
2021-11-15T08:00:00.00+05:30,134096,33849785,463655,34447536
2021-11-16T08:00:00.00+05:30,130793,33861756,463852,34456401
2021-11-17T08:00:00.00+05:30,128555,33873890,464153,34466598
2021-11-18T08:00:00.00+05:30,128762,33885132,464623,34478517
2021-11-19T08:00:00.00+05:30,126620,33897921,465082,34489623
2021-11-20T08:00:00.00+05:30,124868,33909708,465349,34499925
2021-11-21T08:00:00.00+05:30,122714,33922037,465662,34510413
2021-11-22T08:00:00.00+05:30,118440,33934547,465911,34518898
2021-11-23T08:00:00.00+05:30,113584,33946749,466147,34526480
2021-11-24T08:00:00.00+05:30,111481,33957698,466584,34535763
2021-11-25T08:00:00.00+05:30,109940,33967962,466980,34544882
2021-11-26T08:00:00.00+05:30,110133,33977830,467468,34555431
2021-11-27T08:00:00.00+05:30,107019,33988797,467933,34563749
2021-11-28T08:00:00.00+05:30,105691,33998278,468554,34572523
2021-11-29T08:00:00.00+05:30,103859,34008183,468790,34580832
2021-11-30T08:00:00.00+05:30,100543,34018299,468980,34587822
2021-12-01T08:00:00.00+05:30,99022,34028506,469247,34596775
2021-12-02T08:00:00.00+05:30,99763,34037054,469724,34606541
2021-12-03T08:00:00.00+05:30,99976,34045666,470115,34615757
2021-12-04T08:00:00.00+05:30,99974,34053856,470530,34624360
2021-12-05T08:00:00.00+05:30,99155,34060774,473326,34633255
2021-12-06T08:00:00.00+05:30,98416,34069608,473537,34641561
2021-12-07T08:00:00.00+05:30,95014,34079612,473757,34648383
2021-12-08T08:00:00.00+05:30,93733,34089137,473952,34656822
2021-12-09T08:00:00.00+05:30,94742,34097388,474111,34666241
2021-12-10T08:00:00.00+05:30,94943,34105066,474735,34674744
2021-12-11T08:00:00.00+05:30,93277,34114331,475128,34682736
2021-12-12T08:00:00.00+05:30,92281,34122795,475434,34690510
2021-12-13T08:00:00.00+05:30,91456,34130768,475636,34697860
2021-12-14T08:00:00.00+05:30,88993,34138763,475888,34703644
2021-12-15T08:00:00.00+05:30,87562,34146931,476135,34710628
2021-12-16T08:00:00.00+05:30,87245,34154879,476478,34718602
2021-12-17T08:00:00.00+05:30,86415,34162765,476869,34726049
2021-12-18T08:00:00.00+05:30,84565,34171471,477158,34733194
2021-12-19T08:00:00.00+05:30,83913,34178940,477422,34740275
2021-12-20T08:00:00.00+05:30,82267,34187017,477554,34746838
2021-12-21T08:00:00.00+05:30,79097,34195060,478007,34752164
2021-12-22T08:00:00.00+05:30,78190,34201966,478325,34758481
2021-12-23T08:00:00.00+05:30,78291,34208926,478759,34765976
2021-12-24T08:00:00.00+05:30,77516,34215977,479133,34772626
2021-12-25T08:00:00.00+05:30,77032,34223263,479520,34779815
2021-12-26T08:00:00.00+05:30,76766,34230354,479682,34786802
2021-12-27T08:00:00.00+05:30,75841,34237495,479997,34793333
2021-12-28T08:00:00.00+05:30,75456,34243945,480290,34799691
2021-12-29T08:00:00.00+05:30,77002,34251292,480592,34808886
2021-12-30T08:00:00.00+05:30,82402,34258778,480860,34822040
2021-12-31T08:00:00.00+05:30,91361,34266363,481080,34838804
2022-01-01T08:00:00.00+05:30,104781,34275312,481486,34861579
2022-01-02T08:00:00.00+05:30,122801,34284561,481770,34889132
2022-01-03T08:00:00.00+05:30,145582,34295407,481893,34922882
2022-01-04T08:00:00.00+05:30,171830,34306414,482017,34960261
2022-01-05T08:00:00.00+05:30,214004,34321803,482551,35018358
2022-01-06T08:00:00.00+05:30,285401,34341009,482876,35109286
2022-01-07T08:00:00.00+05:30,371363,34371845,483178,35226386
2022-01-08T08:00:00.00+05:30,472169,34412740,483463,35368372
2022-01-09T08:00:00.00+05:30,590611,34453603,483790,35528004
2022-01-10T08:00:00.00+05:30,723619,34500172,483936,35707727
2022-01-11T08:00:00.00+05:30,821446,34570131,484213,35875790
2022-01-12T08:00:00.00+05:30,-644404,36230536,484378,36070510
2022-01-13T08:00:00.00+05:30,1117531,34715361,485035,36317927
2022-01-14T08:00:00.00+05:30,1272073,34824706,485350,36582129
2022-01-15T08:00:00.00+05:30,1417820,34947390,485752,36850962
2022-01-16T08:00:00.00+05:30,1550377,35085721,486066,37122164
2022-01-17T08:00:00.00+05:30,1656341,35237461,486451,37380253
2022-01-18T08:00:00.00+05:30,1736628,35394882,486761,37618271
2022-01-19T08:00:00.00+05:30,1831000,35583039,487202,37901241
2022-01-20T08:00:00.00+05:30,1924051,35807029,487693,38218773
2022-01-21T08:00:00.00+05:30,2018825,36058806,488396,38566027
2022-01-22T08:00:00.00+05:30,2113365,36301482,488884,38903731
2022-01-23T08:00:00.00+05:30,2187205,36560650,489409,39237264
2022-01-24T08:00:00.00+05:30,2249335,36804145,489848,39543328
2022-01-25T08:00:00.00+05:30,2236842,37071898,490462,39799202
2022-01-26T08:00:00.00+05:30,2223018,37370971,491127,40085116
2022-01-27T08:00:00.00+05:30,2202472,37677328,491700,40371500
2022-01-28T08:00:00.00+05:30,2105611,38024771,492327,40622709
2022-01-29T08:00:00.00+05:30,2004333,38360710,493198,40858241
2022-01-30T08:00:00.00+05:30,1884937,38713494,494091,41092522
2022-01-31T08:00:00.00+05:30,1831268,38976122,495050,41302440
2022-02-01T08:00:00.00+05:30,1743059,39230198,496242,41469499
2022-02-02T08:00:00.00+05:30,1621603,39511307,497975,41630885
2022-02-03T08:00:00.00+05:30,1533921,39770414,498983,41803318
2022-02-04T08:00:00.00+05:30,1435569,40017088,500055,41952712
2022-02-05T08:00:00.00+05:30,1331648,40247902,501114,42080664
2022-02-06T08:00:00.00+05:30,1225011,40461148,501979,42188138
2022-02-07T08:00:00.00+05:30,1108938,40660202,502874,42272014
2022-02-08T08:00:00.00+05:30,994891,40840658,504062,42339611
2022-02-09T08:00:00.00+05:30,892828,41012869,505279,42410976
2022-02-10T08:00:00.00+05:30,790789,41180751,506520,42478060
2022-02-11T08:00:00.00+05:30,697802,41331158,507177,42536137
2022-02-12T08:00:00.00+05:30,610443,41468120,507981,42586544
2022-02-13T08:00:00.00+05:30,537045,41585711,508665,42631421
2022-02-14T08:00:00.00+05:30,478882,41677641,509011,42665534
2022-02-15T08:00:00.00+05:30,423127,41760458,509358,42692943
2022-02-16T08:00:00.00+05:30,370240,41843446,509872,42723558
2022-02-17T08:00:00.00+05:30,332918,41910984,510413,42754315
2022-02-18T08:00:00.00+05:30,292092,41977238,510905,42780235
2022-02-19T08:00:00.00+05:30,253739,42037536,511230,42802505
2022-02-20T08:00:00.00+05:30,224187,42086383,511903,42822473
2022-02-21T08:00:00.00+05:30,202131,42124284,512109,42838524
2022-02-22T08:00:00.00+05:30,181075,42158510,512344,42851929
2022-02-23T08:00:00.00+05:30,164522,42189887,512622,42867031
2022-02-24T08:00:00.00+05:30,148359,42219896,512924,42881179
2022-02-25T08:00:00.00+05:30,134235,42246884,513226,42894345
2022-02-26T08:00:00.00+05:30,121881,42270482,513481,42905844
2022-02-27T08:00:00.00+05:30,111472,42290921,513724,42916117
2022-02-28T08:00:00.00+05:30,102601,42307686,513843,42924130
2022-03-01T08:00:00.00+05:30,92472,42324550,514023,42931045
2022-03-02T08:00:00.00+05:30,85680,42338673,514246,42938599
2022-03-03T08:00:00.00+05:30,77152,42353620,514388,42945160
2022-03-04T08:00:00.00+05:30,69897,42367070,514589,42951556
2022-03-05T08:00:00.00+05:30,63878,42378721,514878,42957477
2022-03-06T08:00:00.00+05:30,59442,42388475,515036,42962953
2022-03-07T08:00:00.00+05:30,54118,42398095,515102,42967315
2022-03-08T08:00:00.00+05:30,49948,42406150,515210,42971308
2022-03-09T08:00:00.00+05:30,46962,42413566,515355,42975883
2022-03-10T08:00:00.00+05:30,44488,42420120,515459,42980067
2022-03-11T08:00:00.00+05:30,42219,42426328,515714,42984261
2022-03-12T08:00:00.00+05:30,40559,42431513,515803,42987875
2022-03-13T08:00:00.00+05:30,38069,42437072,515850,42990991
2022-03-14T08:00:00.00+05:30,36168,42441449,515877,42993494
2022-03-15T08:00:00.00+05:30,33917,42446171,515974,42996062
2022-03-16T08:00:00.00+05:30,32811,42450055,516072,42998938
2022-03-17T08:00:00.00+05:30,30799,42454546,516132,43001477
2022-03-18T08:00:00.00+05:30,29181,42458543,516281,43004005
2022-03-19T08:00:00.00+05:30,27802,42461926,516352,43006080
2022-03-20T08:00:00.00+05:30,26240,42465122,516479,43007841
2022-03-21T08:00:00.00+05:30,25106,42467774,516510,43009390
2022-03-22T08:00:00.00+05:30,23913,42470515,516543,43010971
2022-03-23T08:00:00.00+05:30,23087,42473057,516605,43012749
2022-03-24T08:00:00.00+05:30,22427,42475588,516672,43014687
2022-03-25T08:00:00.00+05:30,21530,42478087,516755,43016372
2022-03-26T08:00:00.00+05:30,16741,42480436,520855,43018032
2022-03-27T08:00:00.00+05:30,16187,42482262,521004,43019453
2022-03-28T08:00:00.00+05:30,15859,42483829,521035,43020723
2022-03-29T08:00:00.00+05:30,15378,42485534,521070,43021982
2022-03-30T08:00:00.00+05:30,14704,42487410,521101,43023215
2022-03-31T08:00:00.00+05:30,14307,42489004,521129,43024440
2022-04-01T08:00:00.00+05:30,13672,42490922,521181,43025775
2022-04-02T08:00:00.00+05:30,13445,42492326,521264,43027035
2022-04-03T08:00:00.00+05:30,13013,42493773,521345,43028131
2022-04-04T08:00:00.00+05:30,12597,42495089,521358,43029044
2022-04-05T08:00:00.00+05:30,12054,42496369,521416,43029839
2022-04-06T08:00:00.00+05:30,11871,42497567,521487,43030925
2022-04-07T08:00:00.00+05:30,11639,42498789,521530,43031958
2022-04-09T08:00:00.00+05:30,11365,42501196,521656,43034217
2022-04-10T08:00:00.00+05:30,11132,42502454,521685,43035271
2022-04-11T08:00:00.00+05:30,11058,42503383,521691,43036132
2022-04-12T08:00:00.00+05:30,10889,42504329,521710,43036928
2022-04-13T08:00:00.00+05:30,10870,42505410,521736,43038016
2022-04-14T08:00:00.00+05:30,11058,42506228,521737,43039023
2022-04-15T08:00:00.00+05:30,11191,42507038,521743,43039972
2022-04-16T08:00:00.00+05:30,11366,42507834,521747,43040947
2022-04-17T08:00:00.00+05:30,11558,42508788,521751,43042097
2022-04-19T08:00:00.00+05:30,11860,42511701,521966,43045527
2022-04-20T08:00:00.00+05:30,12340,42513248,522006,43047594
2022-04-21T08:00:00.00+05:30,13433,42514479,522062,43049974
2022-04-22T08:00:00.00+05:30,14241,42516068,522116,43052425
2022-04-23T08:00:00.00+05:30,15079,42517724,522149,43054952
2022-04-24T08:00:00.00+05:30,15873,42519479,522193,43057545
2022-04-25T08:00:00.00+05:30,16522,42521341,522223,43060086
2022-04-26T08:00:00.00+05:30,15636,42523311,523622,43062569
2022-04-27T08:00:00.00+05:30,16279,42525563,523654,43065496
2022-04-28T08:00:00.00+05:30,16980,42528126,523693,43068799
2022-04-29T08:00:00.00+05:30,17801,42530622,523753,43072176
2022-04-30T08:00:00.00+05:30,18684,42533377,523803,43075864
2022-05-01T08:00:00.00+05:30,19092,42536253,523843,43079188
2022-05-03T08:00:00.00+05:30,19137,42541887,523889,43084913
2022-05-04T08:00:00.00+05:30,19509,42544689,523920,43088118
2022-05-05T08:00:00.00+05:30,19719,42547699,523975,43091393
2022-05-06T08:00:00.00+05:30,19688,42551248,524002,43094938
2022-05-07T08:00:00.00+05:30,20303,42554416,524024,43098743
2022-05-08T08:00:00.00+05:30,20635,42557495,524064,43102194
2022-05-09T08:00:00.00+05:30,20403,42560905,524093,43105401
2022-05-10T08:00:00.00+05:30,19637,42563949,524103,43107689
2022-05-11T08:00:00.00+05:30,19494,42566935,524157,43110586
2022-05-12T08:00:00.00+05:30,19067,42570165,524181,43113413
2022-05-13T08:00:00.00+05:30,18604,42573460,524190,43116254
2022-05-14T08:00:00.00+05:30,18096,42576815,524201,43119112
2022-05-15T08:00:00.00+05:30,17692,42579693,524214,43121599
2022-05-16T08:00:00.00+05:30,17317,42582243,524241,43123801
2022-05-17T08:00:00.00+05:30,16400,42584710,524260,43125370
2022-05-18T08:00:00.00+05:30,15647,42587259,524293,43127199
2022-05-19T08:00:00.00+05:30,15419,42589841,524303,43129563
2022-05-21T08:00:00.00+05:30,14996,42594801,524348,43134145
2022-05-22T08:00:00.00+05:30,14955,42597003,524413,43136371
2022-05-23T08:00:00.00+05:30,14832,42599102,524459,43138393
2022-05-24T08:00:00.00+05:30,14841,42600737,524490,43140068
2022-05-25T08:00:00.00+05:30,14971,42602714,524507,43142192
2022-05-26T08:00:00.00+05:30,15414,42604881,524525,43144820
2022-05-27T08:00:00.00+05:30,15814,42607177,524539,43147530
2022-05-28T08:00:00.00+05:30,16308,42609335,524572,43150215
2022-05-29T08:00:00.00+05:30,17087,42611370,524586,43153043
2022-05-30T08:00:00.00+05:30,17698,42613440,524611,43155749
2022-05-31T08:00:00.00+05:30,17883,42615574,524630,43158087
2022-06-01T08:00:00.00+05:30,18386,42617810,524636,43160832
2022-06-02T08:00:00.00+05:30,19509,42620394,524641,43164544
2022-06-03T08:00:00.00+05:30,21177,42622757,524651,43168585
2022-06-04T08:00:00.00+05:30,22416,42625454,524677,43172547
2022-06-05T08:00:00.00+05:30,24052,42628073,524692,43176817
2022-06-06T08:00:00.00+05:30,25782,42630852,524701,43181335
2022-06-07T08:00:00.00+05:30,26976,42633365,524708,43185049
2022-06-08T08:00:00.00+05:30,28857,42636710,524715,43190282
2022-06-09T08:00:00.00+05:30,32498,42640301,524723,43197522
2022-06-10T08:00:00.00+05:30,36267,42644092,524747,43205106
2022-06-11T08:00:00.00+05:30,40370,42648308,524757,43213435
2022-06-12T08:00:00.00+05:30,44513,42652743,524761,43222017
2022-06-13T08:00:00.00+05:30,47995,42657335,524771,43230101
2022-06-14T08:00:00.00+05:30,50548,42661370,524777,43236695
2022-06-15T08:00:00.00+05:30,53637,42667088,524792,43245517
2022-06-16T08:00:00.00+05:30,58215,42674712,524803,43257730
2022-06-17T08:00:00.00+05:30,63063,42682697,524817,43270577
2022-06-18T08:00:00.00+05:30,68108,42690845,524840,43283793
2022-06-19T08:00:00.00+05:30,72474,42699363,524855,43296692
2022-06-20T08:00:00.00+05:30,76700,42707900,524873,43309473
2022-06-21T08:00:00.00+05:30,79313,42715193,524890,43319396
2022-06-22T08:00:00.00+05:30,81687,42725055,524903,43331645
2022-06-24T08:00:00.00+05:30,88284,42749056,524954,43362294
2022-06-25T08:00:00.00+05:30,91779,42761481,524974,43378234
2022-06-26T08:00:00.00+05:30,92576,42772398,524999,43389973
2022-06-27T08:00:00.00+05:30,94420,42787606,525020,43407046
2022-06-28T08:00:00.00+05:30,96700,42797092,525047,43418839
2022-06-29T08:00:00.00+05:30,99602,42808666,525077,43433345
2022-06-30T08:00:00.00+05:30,104555,42822493,525116,43452164
2022-07-01T08:00:00.00+05:30,107189,42836906,525139,43469234
2022-07-02T08:00:00.00+05:30,109568,42851590,525168,43486326
2022-07-03T08:00:00.00+05:30,111711,42865519,525199,43502429
2022-07-04T08:00:00.00+05:30,113864,42879477,525223,43518564
2022-07-05T08:00:00.00+05:30,114475,42891933,525242,43531650
2022-07-06T08:00:00.00+05:30,115212,42907327,525270,43547809
2022-07-07T08:00:00.00+05:30,119457,42921977,525305,43566739
2022-07-08T08:00:00.00+05:30,122335,42937876,525343,43585554
2022-07-09T08:00:00.00+05:30,125028,42953980,525386,43604394
2022-07-10T08:00:00.00+05:30,128690,42968533,525428,43622651
2022-07-11T08:00:00.00+05:30,130713,42983162,525454,43639329
2022-07-12T08:00:00.00+05:30,131043,42996427,525474,43652944
2022-07-13T08:00:00.00+05:30,132457,43011874,525519,43669850
2022-07-14T08:00:00.00+05:30,136076,43028356,525557,43689989
2022-07-15T08:00:00.00+05:30,139073,43045350,525604,43710027
2022-07-16T08:00:00.00+05:30,140760,43063651,525660,43730071
2022-07-17T08:00:00.00+05:30,143449,43081441,525709,43750599
2022-07-18T08:00:00.00+05:30,144264,43097510,525760,43767534
2022-07-19T08:00:00.00+05:30,143654,43113623,525785,43783062
2022-07-20T08:00:00.00+05:30,145654,43132140,525825,43803619
2022-07-21T08:00:00.00+05:30,148881,43150434,525870,43825185
2022-07-22T08:00:00.00+05:30,149482,43171653,525930,43847065
2022-07-23T08:00:00.00+05:30,150100,43192379,525997,43868476
2022-07-24T08:00:00.00+05:30,152200,43210522,526033,43888755
2022-07-25T08:00:00.00+05:30,150877,43228670,526074,43905621
2022-07-27T08:00:00.00+05:30,145026,43267571,526167,43938764
2022-07-28T08:00:00.00+05:30,146323,43286787,526211,43959321
2022-07-29T08:00:00.00+05:30,143988,43309484,526258,43979730
2022-07-30T08:00:00.00+05:30,143384,43330442,526312,44000138
2022-07-31T08:00:00.00+05:30,143676,43349778,526357,44019811
2022-08-01T08:00:00.00+05:30,143989,43365890,526396,44036275
2022-08-02T08:00:00.00+05:30,139792,43383787,526430,44050009
2022-08-03T08:00:00.00+05:30,137057,43403610,526477,44067144
2022-08-04T08:00:00.00+05:30,136478,43424029,526530,44087037
2022-08-05T08:00:00.00+05:30,135364,43445624,526600,44107588
2022-08-06T08:00:00.00+05:30,134793,43465552,526649,44126994
2022-08-08T08:00:00.00+05:30,135510,43499659,526730,44161899
2022-08-09T08:00:00.00+05:30,131807,43516071,526772,44174650
2022-08-10T08:00:00.00+05:30,128261,43535610,526826,44190697
2022-08-11T08:00:00.00+05:30,125076,43555041,526879,44206996
2022-08-12T08:00:00.00+05:30,123535,43573094,526928,44223557
2022-08-13T08:00:00.00+05:30,119264,43593112,526996,44239372
2022-08-15T08:00:00.00+05:30,117508,43623804,527069,44268381
2022-08-16T08:00:00.00+05:30,111252,43638844,527098,44277194
2022-08-17T08:00:00.00+05:30,105058,43654064,527134,44286256
2022-08-18T08:00:00.00+05:30,101343,43670315,527206,44298864
2022-08-19T08:00:00.00+05:30,101830,43685535,527253,44314618
2022-08-20T08:00:00.00+05:30,101166,43699435,527289,44327890
2022-08-21T08:00:00.00+05:30,99879,43712218,527332,44339429
2022-08-22T08:00:00.00+05:30,97648,43723944,527368,44348960
2022-08-23T08:00:00.00+05:30,96506,43733624,527416,44357546
2022-08-24T08:00:00.00+05:30,96442,43744301,527452,44368195
2022-08-25T08:00:00.00+05:30,94047,43757385,527488,44378920
2022-08-26T08:00:00.00+05:30,90707,43770913,527556,44389176
2022-08-27T08:00:00.00+05:30,87311,43783788,527597,44398696
2022-08-29T08:00:00.00+05:30,84931,43802993,527799,44415723
